              precision    recall  f1-score   support

      Benign     0.9939    0.9871    0.9905     28370
         DNS     0.4826    0.3769    0.4233      1101
        LDAP     0.4933    0.5422    0.5166       817
       MSSQL     0.8521    0.9395    0.8937      3668
         NTP     0.9970    0.9952    0.9961     36410
     NetBIOS     0.2405    0.2520    0.2461       250
     Portmap     0.3756    0.3902    0.3828       205
        SNMP     0.5273    0.5598    0.5431       811
         Syn     0.9972    0.9884    0.9928     14334
        TFTP     0.9997    0.9961    0.9979     29674
         UDP     0.9211    0.9759    0.9477      8258
     UDP-lag     0.9194    0.7551    0.8292      2675
     WebDDoS     0.0000    0.0000    0.0000        15

    accuracy                         0.9712    126588
   macro avg     0.6769    0.6737    0.6738    126588
weighted avg     0.9728    0.9712    0.9717    126588
