               precision    recall  f1-score   support

       Benign     0.9967    0.9985    0.9976     28370
    DrDoS_DNS     0.4851    0.4432    0.4632      1101
   DrDoS_LDAP     0.1699    0.2222    0.1926       432
  DrDoS_MSSQL     0.2577    0.2366    0.2467      1864
    DrDoS_NTP     0.9973    0.9968    0.9971     36410
DrDoS_NetBIOS     0.0806    0.0950    0.0872       179
   DrDoS_SNMP     0.6435    0.6054    0.6239       811
    DrDoS_UDP     0.4392    0.3893    0.4128      3126
         LDAP     0.2632    0.2721    0.2676       566
        MSSQL     0.4606    0.4810    0.4706      2530
      NetBIOS     0.1371    0.1888    0.1588       143
      Portmap     0.4144    0.3659    0.3886       205
          Syn     0.9913    0.9919    0.9916     14334
         TFTP     0.9972    0.9975    0.9974     29674
          UDP     0.6302    0.6889    0.6583      5339
      UDP-lag     0.8120    0.7461    0.7776      2674
      WebDDoS     0.1111    0.0667    0.0833        15

     accuracy                         0.9262    127773
    macro avg     0.5228    0.5168    0.5185    127773
 weighted avg     0.9262    0.9262    0.9260    127773
