              precision    recall  f1-score   support

      Benign     0.9971    0.9994    0.9983     28370
         DNS     0.5051    0.4514    0.4767      1101
        LDAP     0.4694    0.4504    0.4597       817
       MSSQL     0.8748    0.9051    0.8897      3668
         NTP     0.9979    0.9984    0.9981     36410
     NetBIOS     0.2884    0.3080    0.2979       250
     Portmap     0.4162    0.3756    0.3949       205
        SNMP     0.5887    0.6301    0.6087       811
         Syn     0.9923    0.9909    0.9916     14334
        TFTP     0.9980    0.9970    0.9975     29674
         UDP     0.9224    0.9489    0.9355      8258
     UDP-lag     0.8331    0.7428    0.7854      2675
     WebDDoS     0.4000    0.1333    0.2000        15

    accuracy                         0.9730    126588
   macro avg     0.7141    0.6870    0.6949    126588
weighted avg     0.9724    0.9730    0.9726    126588
