               precision    recall  f1-score   support

       Benign     0.9970    0.9989    0.9979     28370
    DrDoS_DNS     0.4692    0.4496    0.4592      1101
   DrDoS_LDAP     0.2090    0.2153    0.2121       432
  DrDoS_MSSQL     0.2590    0.2387    0.2485      1864
    DrDoS_NTP     0.9978    0.9972    0.9975     36410
DrDoS_NetBIOS     0.1090    0.0950    0.1015       179
   DrDoS_SNMP     0.6307    0.6128    0.6216       811
    DrDoS_UDP     0.4338    0.3887    0.4100      3126
         LDAP     0.2712    0.2597    0.2653       566
        MSSQL     0.4514    0.4917    0.4707      2530
      NetBIOS     0.1783    0.1958    0.1867       143
      Portmap     0.4010    0.3756    0.3879       205
          Syn     0.9914    0.9920    0.9917     14334
         TFTP     0.9975    0.9976    0.9975     29674
          UDP     0.6258    0.6900    0.6563      5339
      UDP-lag     0.8149    0.7427    0.7771      2674
      WebDDoS     0.1667    0.0667    0.0952        15

     accuracy                         0.9266    127773
    macro avg     0.5296    0.5181    0.5222    127773
 weighted avg     0.9261    0.9266    0.9262    127773
