               precision    recall  f1-score   support

       Benign     0.9935    0.9894    0.9915     28370
    DrDoS_DNS     0.4461    0.2707    0.3369      1101
   DrDoS_LDAP     0.2512    0.2361    0.2434       432
  DrDoS_MSSQL     0.4378    0.3605    0.3954      1864
    DrDoS_NTP     0.9967    0.9940    0.9953     36410
DrDoS_NetBIOS     0.1080    0.1061    0.1070       179
   DrDoS_SNMP     0.4279    0.4353    0.4315       811
    DrDoS_UDP     0.6246    0.3295    0.4314      3126
         LDAP     0.2794    0.4611    0.3480       566
        MSSQL     0.5658    0.6953    0.6239      2530
      NetBIOS     0.1590    0.2168    0.1834       143
      Portmap     0.1917    0.2488    0.2166       205
          Syn     0.9964    0.9899    0.9931     14334
         TFTP     0.9993    0.9968    0.9981     29674
          UDP     0.6353    0.8653    0.7327      5339
      UDP-lag     0.9075    0.7521    0.8225      2674
      WebDDoS     0.0000    0.0000    0.0000        15

     accuracy                         0.9332    127773
    macro avg     0.5306    0.5263    0.5206    127773
 weighted avg     0.9362    0.9332    0.9322    127773
