              precision    recall  f1-score   support

      Benign     0.9971    0.9994    0.9983     28370
         DNS     0.5219    0.4650    0.4918      1101
        LDAP     0.4748    0.4382    0.4558       817
       MSSQL     0.8732    0.9177    0.8949      3668
         NTP     0.9981    0.9984    0.9982     36410
     NetBIOS     0.3306    0.3240    0.3273       250
     Portmap     0.4277    0.3610    0.3915       205
        SNMP     0.6047    0.6375    0.6206       811
         Syn     0.9916    0.9912    0.9914     14334
        TFTP     0.9982    0.9971    0.9976     29674
         UDP     0.9207    0.9500    0.9351      8258
     UDP-lag     0.8362    0.7387    0.7844      2675
     WebDDoS     0.1667    0.1333    0.1481        15

    accuracy                         0.9735    126588
   macro avg     0.7032    0.6886    0.6950    126588
weighted avg     0.9727    0.9735    0.9729    126588
